1 4 9 5 6
1 4 9 8 0
2 8 0 6 5
4 9 5 6 0
7 3 5 6 0
7 3 6 1 0
8 9 5 6 0

0 1 7
0 6 4
0 7 4
0 8 1
1 0 4
2 8 5
3 6 5
3 7 5
3 7 6
4 0 1
4 9 0
5 6 9
5 3 9
6 0 3
6 1 3
6 1 0
6 1 5
6 5 0
7 0 3
9 4 5
9 8 4




0 7 3 5 6
8 2 9

0 7 3 5 6
4 1 9

0 7 3 6 1
8 2 9

0 8 2 5 6
4 9 1

1 4 9 8 0
6 5 3

1 4 9 5 6
0 7 8

3 7 0 1 6
5 9 2

5 3 7 0 6
9 8 4

9 4 1 0 8
5 6 3

9 4 1 0 8
5 6 2

9 4 1 6 5
8 2 0







1 4 9 5 6
0 7 8

9 4 1 6 5
8 2 0

4 1 6 5 9
0 7 8





1 4 9 5 6

1 4 9 8 0
2 8 0 6 5
4 9 5 6 0
7 3 5 6 0
7 3 6 1 0
8 9 5 6 0